20201207-122510	1	1	2	0.5
20201207-125243	1	1	2	0.5
20201207-125528	1	1	2	0.5
20201207-125942	2	2	5	0.4
20201207-130741	1	2	6	0.333333333
20201207-130743	2	2	2	1
20201207-130746	3	3	7	0.428571429
20201207-130749	4	2	4	0.5
20201207-131601	3	4	4	1
20201207-131948	3	1	2	0.5
20201207-132248	2	4	5	0.8
20201207-132333	3	2	2	1
20201207-132716	3	2	2	1
20201207-132801	4	1	2	0.5
20201207-132932	1	5	6	0.833333333
20201207-133102	3	2	3	0.666666667
20201207-133449	3	1	1	1
20201207-133534	4	4	5	0.8
20201207-133836	3	2	3	0.666666667
20201207-134231	3	0	1	0
20201207-134411	5	4	5	0.8
20201207-134627	3	3	3	1
20201207-134712	4	3	4	0.75
20201207-135017	3	1	3	0.333333333
20201207-135110	4	0	1	0
20201207-135413	3	0	1	0
20201207-135459	4	1	2	0.5
20201207-135629	1	3	3	1
20201207-135759	3	0	1	0
20201207-140144	3	1	3	0.333333333
20201207-140229	4	0	1	0
20201207-140531	3	2	3	0.666666667
20201207-140701	5	3	3	1
20201207-140918	3	0	1	0
20201207-141003	4	0	1	0
20201207-141048	5	1	3	0.333333333
20201207-141302	3	1	2	0.5
20201207-141434	5	1	2	0.5
20201207-141606	2	5	6	0.833333333
20201207-141650	3	3	3	1
20201207-141734	4	0	1	0
20201207-142040	3	0	1	0
20201207-142125	4	0	1	0
20201207-142340	2	3	4	0.75
20201207-142426	3	0	1	0
20201207-142732	2	1	2	0.5
20201207-142818	3	0	1	0
20201207-143204	3	2	2	1
20201207-143551	3	3	3	1
20201207-143724	5	1	2	0.5
20201207-143943	3	0	1	0
20201207-144028	4	0	1	0
20201207-144115	5	2	2	1
20201207-144333	3	2	2	1
20201207-144503	5	3	5	0.6
20201207-144634	2	6	10	0.6
20201207-144719	3	3	3	1
20201207-144849	5	1	3	0.333333333
20201207-145105	3	0	1	0
20201207-145237	5	1	2	0.5
20201207-145410	2	1	1	1
20201207-145455	3	0	1	0
20201207-145631	5	2	3	0.666666667
20201207-145849	3	1	2	0.5
20201207-150018	5	0	1	0
20201207-150240	3	2	2	1
20201207-150324	4	0	1	0
20201207-150413	5	3	5	0.6
20201207-150457	1	3	4	0.75
20201207-150542	2	5	5	1
20201207-150626	3	0	1	0
20201207-151028	1	2	4	0.5
20201207-151114	2	6	8	0.75
20201207-151242	4	2	3	0.666666667
20201207-151455	2	2	3	0.666666667
20201207-151704	1	4	5	0.8
20201207-151748	2	4	6	0.666666667
20201207-152214	3	0	1	0
20201207-152344	5	0	1	0
20201207-152557	3	4	5	0.8
20201207-152856	2	5	5	1
20201207-153547	1	0	1	0
20201207-154332	1	0	1	0
20201207-154416	2	4	5	0.8
20201207-154502	3	0	1	0
20201207-154759	2	5	10	0.5
20201207-154843	3	3	5	0.6
20201207-155141	2	8	10	0.8
20201207-155609	3	0	1	0
20201207-155738	5	4	4	1
20201207-155909	2	8	10	0.8
20201207-160253	2	1	2	0.5
20201207-160339	3	0	1	0
20201207-160556	1	2	3	0.666666667
20201207-161112	3	0	1	0
20201207-161457	3	0	1	0
20201207-161709	1	0	1	0
20201207-161839	3	0	1	0
20201207-162137	2	2	4	0.5
20201207-162523	2	0	1	0
20201207-162608	3	0	1	0
20201207-162652	4	1	2	0.5
20201207-162908	2	0	1	0
20201207-163036	4	0	1	0
20201207-163334	3	3	3	1
20201207-163631	2	0	1	0
20201207-163717	3	4	6	0.666666667
20201207-163801	4	1	2	0.5
20201207-164015	2	0	1	0
20201207-164144	4	0	1	0
20201207-164228	5	4	4	1
20201207-164439	3	2	5	0.4
20201207-164524	4	2	4	0.5
20201207-164653	1	0	1	0
20201207-164822	3	1	4	0.25
20201207-165246	4	0	1	0
20201207-165540	3	0	1	0
20201207-165928	3	3	4	0.75
20201207-170014	4	0	1	0
20201207-170528	1	7	7	1
20201207-170655	3	1	3	0.333333333
20201207-170742	4	1	2	0.5
20201207-170959	2	0	1	0
20201207-171129	4	0	1	0
20201207-171431	3	5	6	0.833333333
20201207-171516	4	0	1	0
20201207-171817	3	5	6	0.833333333
20201207-171902	4	1	1	1
20201207-181150	4	1	1	1
20201207-201936	3	1	1	1
20201207-202940	1	2	1	0.72
20201207-203010	3	2	1	0.72
20201207-203054	2	2	1	0.72
20201207-204127	2	3	1	0.72
20201207-204314	3	2	1	0.72
20201207-204348	4	4	1	0.72
20201207-204447	4	1	1	1
20201207-204538	1	4	1	0.72
20201207-204606	4	2	1	0.72
20201207-204645	1	2	1	0.72
20201207-204729	1	1	1	1
20201207-204802	1	5	1	0.72
20201207-204839	1	2	1	0.72
20201207-204926	2	1	1	1
20201207-205019	3	4	1	0.72
20201207-205153	2	2	1	0.72
20201207-205241	3	0	1	0
20201207-205323	2	4	1	0.72
20201207-205502	3	3	1	0.72
20201207-210113	1	3	1	0.72
20201207-210147	1	1	1	1
20201207-210303	1	0	1	0
20201207-210404	2	0	1	0
20201207-210522	3	1	1	1
20201207-210600	3	3	1	0.72
20201207-210632	1	0	1	0
20201207-210800	3	1	1	1
20201207-210841	2	0	1	0
20201207-210951	1	2	1	0.72
20201207-211028	3	3	1	0.72
20201207-211121	3	0	1	0
20201207-211151	2	0	1	0
20201207-211218	2	1	1	1
20201207-211337	2	1	1	1
20201207-211407	2	1	1	1
20201207-211714	2	5	1	0.72
20201207-211842	3	3	1	0.72
20201207-211909	1	0	1	0
20201207-211955	3	0	1	0
20201207-212110	2	0	1	0
20201207-212129	3	3	1	0.72
20201207-212241	4	0	1	0
20201207-212330	2	1	1	1
20201207-212425	1	0	1	0
20201207-212502	1	2	1	0.72
20201207-212531	1	3	1	0.72
20201207-212615	1	1	1	1
20201207-212652	1	0	1	0
20201207-212811	1	0	1	0
20201207-212848	1	2	1	0.72
20201207-212925	1	2	1	0.72
20201207-215524	1	3	1	0.72
20201207-215532	2	6	1	0.72
20201207-215534	3	3	1	0.72
20201207-215540	4	1	1	1
20201207-215542	5	0	1	0
20201207-215545	1	1	1	1
20201207-215548	2	1	1	1
20201207-215551	3	0	1	0
20201207-215554	4	2	1	0.72
20201207-215556	5	1	1	1
20201207-215559	1	0	1	0
20201207-215601	2	2	1	0.72
20201207-215604	3	0	1	0
20201207-215607	4	3	1	0.72
20201207-215610	5	3	1	0.72
20201207-215612	1	5	1	0.72
20201207-215615	2	0	1	0
20201207-215618	3	2	1	0.72
20201207-215621	4	6	1	0.72
20201207-215629	5	2	1	0.72
20201207-215632	1	2	1	0.72
20201207-215635	2	4	1	0.72
20201207-215638	3	4	1	0.72
20201207-215640	4	0	1	0
20201207-215643	5	0	1	0
20201207-215651	1	4	1	0.72
20201207-215653	2	5	1	0.72
20201207-215655	3	0	1	0
20201207-215658	4	0	1	0
20201207-215700	5	4	1	0.72
20201207-215703	1	0	1	0
20201207-215706	2	5	1	0.72
20201207-215708	3	3	1	0.72
20201207-215710	4	8	1	0.72
20201207-215713	5	0	1	0
20201207-215716	1	4	1	0.72
20201207-215719	2	8	1	0.72
20201207-215721	3	1	1	1
20201207-215724	4	0	1	0
20201207-215727	5	2	1	0.72
20201207-215729	1	0	1	0
20201207-215732	2	0	1	0
20201207-215735	3	0	1	0
20201207-215737	4	0	1	0
20201207-215740	5	2	1	0.72
20201207-215743	1	0	1	0
20201207-215745	2	0	1	0
20201207-215748	3	1	1	1
20201207-215751	4	0	1	0
20201207-215754	5	0	1	0
20201207-215757	1	3	1	0.72
20201207-215759	2	0	1	0
20201207-215802	3	4	1	0.72
20201207-215805	4	1	1	1
20201207-215808	5	0	1	0
20201207-215810	1	0	1	0
20201207-215813	2	4	1	0.72
20201207-215815	3	2	1	0.72
20201207-215818	4	2	1	0.72
20201207-215821	5	0	1	0
20201207-215823	1	1	1	1
20201207-215826	2	0	1	0
20201207-215829	3	0	1	0
20201207-215832	4	3	1	0.72
20201207-215834	5	0	1	0
20201207-215837	1	7	1	0.72
20201207-215839	2	1	1	1
20201207-215842	3	1	1	1
20201207-215845	4	0	1	0
20201207-215848	5	0	1	0
20201207-215851	1	5	1	0.72
20201207-215853	2	0	1	0
20201207-215857	3	5	1	0.72
20201207-215900	4	0	1	0
20201207-215902	5	1	1	1
20201207-215905	1	1	1	1
20201207-215908	2	1	1	1
20201207-215911	3	2	1	0.72
20201207-215914	4	2	1	0.72
20201207-215916	5	2	1	0.72
20201207-215919	1	3	1	0.72
20201207-215922	2	2	1	0.72
20201207-215924	3	4	1	0.72
20201207-215927	4	1	1	1
20201207-215930	5	4	1	0.72
20201207-215932	1	2	1	0.72
20201207-215935	2	2	1	0.72
20201207-215938	3	1	1	1
20201207-215940	4	5	1	0.72
20201207-215943	5	2	1	0.72
20201207-215946	1	1	1	1
20201207-215948	2	4	1	0.72
20201207-215951	3	2	1	0.72
20201207-215953	4	0	1	0
20201207-215956	5	4	1	0.72
20201207-215959	1	3	1	0.72
20201207-220001	2	3	1	0.72
20201207-220004	3	1	1	1
20201207-220007	4	0	1	0
20201207-220010	5	0	1	0
20201207-220013	1	1	1	1
20201207-220015	2	3	1	0.72
20201207-220018	3	0	1	0
20201207-220021	4	1	1	1
20201207-220024	5	0	1	0
20201207-220026	1	2	1	0.72
20201207-220029	2	3	1	0.72
20201207-220032	3	0	1	0
20201207-220034	4	0	1	0
20201207-220037	5	1	1	1
20201207-220042	1	1	1	1
20201207-220044	2	1	1	1
20201207-220047	3	5	1	0.72
20201207-220050	4	3	1	0.72
20201207-220053	5	0	1	0
20201207-220056	1	0	1	0
20201207-220058	2	0	1	0
20201207-220101	3	3	1	0.72
20201207-220104	4	0	1	0
20201207-220107	5	1	1	1
20201207-220110	1	0	1	0
20201207-220112	2	2	1	0.72
20201207-220115	3	3	1	0.72
20201207-220117	4	1	1	1
20201207-220120	5	0	1	0
20201207-220123	1	0	1	0
20201207-220126	2	2	1	0.72
20201207-220129	3	2	1	0.72
20201207-220131	4	3	1	0.72
20201207-220134	5	6	1	0.72
20201207-220137	1	3	1	0.72
20201207-220139	2	1	1	1
20201207-220142	3	0	1	0
20201207-220145	4	1	1	1
20201207-220147	5	1	1	1
20201207-220150	1	0	1	0
20201207-220153	2	2	1	0.72
20201207-220156	3	1	1	1
20201207-220158	4	0	1	0
20201207-220201	5	2	1	0.72
20201207-220204	1	0	1	0
20201207-220207	2	3	1	0.72
20201207-220209	3	3	1	0.72
20201207-220212	4	5	1	0.72
20201207-220214	5	0	1	0
20201207-220217	1	2	1	0.72
20201207-220219	2	6	1	0.72
20201207-220222	3	2	1	0.72
20201207-220224	4	2	1	0.72
20201207-220227	5	4	1	0.72
20201207-220230	1	4	1	0.72
20201207-220232	2	0	1	0
20201207-220235	3	0	1	0
20201207-220238	4	4	1	0.72
20201207-220243	5	5	1	0.72
20201207-220245	1	0	1	0
20201207-220248	2	0	1	0
20201207-220250	3	4	1	0.72
20201207-220253	4	0	1	0
20201207-220256	5	5	1	0.72
20201207-220259	1	3	1	0.72
20201207-220302	2	8	1	0.72
20201207-220305	3	0	1	0
20201207-220308	4	4	1	0.72
20201207-220310	5	8	1	0.72
20201207-220313	1	1	1	1
20201207-220315	2	0	1	0
20201207-220318	3	2	1	0.72
20201207-220321	4	0	1	0
20201207-220323	5	0	1	0