20201208-221859	2	0	2	0.0
20201209-114402	1	0	2	0.0
20201209-114443	3	0	2	0.0
20201209-123629	1	0	1	0.0
20201209-124539	1	0	1	0.0
20201209-124751	1	0	1	0.0
20201209-124846	1	0	1	0.0
20201209-124931	1	0	1	0.0
20201209-125344	1	0	1	0.0
20201209-125802	1	0	1	0.0
20201209-132056	1	0	1	0.0
20201210-115618	1	0	2	0.0
20201210-120228	1	0	2	0.0
20201210-120312	3	0	2	0.0
20201210-141049	1	25	7	3.5714285714285716
20201210-141342	1	12	5	2.4
20201210-141618	1	12	5	2.4
20201210-142321	1	12	5	2.4
20201212-093801	1	12	5	2.4
20201212-094140	1	12	5	2.4
20201212-094759	3	0	2	0.0
